0.00100000000000000
0.00129468823570317
0.00167621762766819
0.00217017924302029
0.00280970553530558
0.00363769270235021
0.00470967794683610
0.00609756463171936
0.00789444519512679
0.0102208453215341
0.0132328081967320
0.0171323610976254
0.0221810663629142
0.0287175656754164
0.0371802944379948
0.0481368898088519
0.0623222649388605
0.0806879032387189
0.104465679086725
0.135250485748326
0.175107212771497
0.226709248362029
0.293517796779428
0.380014038459839
0.491999704996006
0.636986230027759
0.824698578321854
1.06772754735443
1.38237429449599
1.78974373642243
2.31716016046955
3