##TITLE= Parameter file, TopSpin 4.0.6
##JCAMPDX= 5.0
##DATATYPE= Parameter Values
##ORIGIN= Bruker BioSpin GmbH
##OWNER= rschurko
$$ 2020-10-23 20:08:25.144 -0400  rschurko@600wb1.magnet.fsu.edu
$$ /opt/topspin4.0.6/exp/stan/nmr/lists/wave/user/W_50us_400kHz_1000_LtoH
$$ process /opt/topspin4.0.6/prog/mod/toolserver
##MINX= 0.00000000
##MAXX= 100.00000000
##MINY= 0.00090000
##MAXY= 358.34490000
##$SHAPE_ADDPHASE= 0
##$SHAPE_AMP= 100
##$SHAPE_BWFAC= 12.362
##$SHAPE_BWFAC50= 0
##$SHAPE_CALCBW= yes
##$SHAPE_CALCINTEG= yes
##$SHAPE_EXMODE= <Adiabatic>
##$SHAPE_EXPAND= <>
##$SHAPE_EXPANDCF= (0..143)
0 0 0 0 0 0 0 0 0 0 0 0 0 0 0 0 0 0 0 0 0 0 0 0 0 0 0 0 0 0 0 0 0 0 0 0
0 0 0 0 0 0 0 0 0 0 0 0 0 0 0 0 0 0 0 0 0 0 0 0 0 0 0 0 0 0 0 0 0 0 0 0
0 0 0 0 0 0 0 0 0 0 0 0 0 0 0 0 0 0 0 0 0 0 0 0 0 0 0 0 0 0 0 0 0 0 0 0
0 0 0 0 0 0 0 0 0 0 0 0 0 0 0 0 0 0 0 0 0 0 0 0 0 0 0 0 0 0 0 0 0 0 0 0
##$SHAPE_EXPFAC= 0
##$SHAPE_FRACEND= 0
##$SHAPE_FRACORG= 0
##$SHAPE_FRACSTART= 0
##$SHAPE_INTEGFAC= 0.12533141
##$SHAPE_KEEPRES= yes
##$SHAPE_LENGTH= 50
##$SHAPE_MAN= <>
##$SHAPE_MODE= 0
##$SHAPE_MODFREQ= 0
##$SHAPE_MODPHASE= 0
##$SHAPE_MODSCALE= 0
##$SHAPE_MODSW= 0
##$SHAPE_MODSWDIR= -1
##$SHAPE_NPOINTS= 1000
##$SHAPE_OFFS= <>
##$SHAPE_OFFSCOEFF= (0..95)
0 0 0 0 0 0 0 0 0 0 0 0 0 0 0 0 0 0 0 0 0 0 0 0 0 0 0 0 0 0 0 0 0 0 0 0
0 0 0 0 0 0 0 0 0 0 0 0 0 0 0 0 0 0 0 0 0 0 0 0 0 0 0 0 0 0 0 0 0 0 0 0
0 0 0 0 0 0 0 0 0 0 0 0 0 0 0 0 0 0 0 0 0 0 0 0
##$SHAPE_PARAMETER= <>
##$SHAPE_REPHFAC= 0
##$SHAPE_RES= 0
##$SHAPE_SCALEFAC= 1
##$SHAPE_SCALETYPE= 0
##$SHAPE_SPOAL= 0
##$SHAPE_SPOFFS= 0
##$SHAPE_SPOPH= 0
##$SHAPE_TOTROT= 180
##$SHAPE_TYPE= <Inversion>
##$SHAPE_USER_DEF= 0
##$SHAPE_VERSION= 2.1
##$SHL_ADDPHASE= (0..15)
0 0 0 0 0 0 0 0 0 0 0 0 0 0 0 0
##$SHL_ALIGNOFFSET= (0..15)
0 0 0 0 0 0 0 0 0 0 0 0 0 0 0 0
##$SHL_AMP= (0..15)
100 0 0 0 0 0 0 0 0 0 0 0 0 0 0 0
##$SHL_AMPFAC= (0..15)
0 0 0 0 0 0 0 0 0 0 0 0 0 0 0 0
##$SHL_BETA= (0..15)
0 0 0 0 0 0 0 0 0 0 0 0 0 0 0 0
##$SHL_BWFAC= (0..15)
12.362 0 0 0 0 0 0 0 0 0 0 0 0 0 0 0
##$SHL_CALCBW= (0..15)
yes yes yes yes yes yes yes yes yes yes yes yes yes yes yes yes
##$SHL_CALCINTEG= (0..15)
yes yes yes yes yes yes yes yes yes yes yes yes yes yes yes yes
##$SHL_CENTERAMP= (0..15)
0 0 0 0 0 0 0 0 0 0 0 0 0 0 0 0
##$SHL_CYCNUM= (0..15)
0 0 0 0 0 0 0 0 0 0 0 0 0 0 0 0
##$SHL_DIPOLCPL= (0..15)
0 0 0 0 0 0 0 0 0 0 0 0 0 0 0 0
##$SHL_ENDAMP= (0..15)
0 0 0 0 0 0 0 0 0 0 0 0 0 0 0 0
##$SHL_EXMODE= (0..15)
<Adiabatic> <> <> <> <> <> <> <> <> <> <> <> <> <> <> <>
##$SHL_EXPAND= (0..15)
<> <> <> <> <> <> <> <> <> <> <> <> <> <> <> <>
##$SHL_EXPANDCF0= (0..143)
0 0 0 0 0 0 0 0 0 0 0 0 0 0 0 0 0 0 0 0 0 0 0 0 0 0 0 0 0 0 0 0 0 0 0 0
0 0 0 0 0 0 0 0 0 0 0 0 0 0 0 0 0 0 0 0 0 0 0 0 0 0 0 0 0 0 0 0 0 0 0 0
0 0 0 0 0 0 0 0 0 0 0 0 0 0 0 0 0 0 0 0 0 0 0 0 0 0 0 0 0 0 0 0 0 0 0 0
0 0 0 0 0 0 0 0 0 0 0 0 0 0 0 0 0 0 0 0 0 0 0 0 0 0 0 0 0 0 0 0 0 0 0 0
##$SHL_EXPANDCF1= (0..143)
0 0 0 0 0 0 0 0 0 0 0 0 0 0 0 0 0 0 0 0 0 0 0 0 0 0 0 0 0 0 0 0 0 0 0 0
0 0 0 0 0 0 0 0 0 0 0 0 0 0 0 0 0 0 0 0 0 0 0 0 0 0 0 0 0 0 0 0 0 0 0 0
0 0 0 0 0 0 0 0 0 0 0 0 0 0 0 0 0 0 0 0 0 0 0 0 0 0 0 0 0 0 0 0 0 0 0 0
0 0 0 0 0 0 0 0 0 0 0 0 0 0 0 0 0 0 0 0 0 0 0 0 0 0 0 0 0 0 0 0 0 0 0 0
##$SHL_EXPANDCF10= (0..143)
0 0 0 0 0 0 0 0 0 0 0 0 0 0 0 0 0 0 0 0 0 0 0 0 0 0 0 0 0 0 0 0 0 0 0 0
0 0 0 0 0 0 0 0 0 0 0 0 0 0 0 0 0 0 0 0 0 0 0 0 0 0 0 0 0 0 0 0 0 0 0 0
0 0 0 0 0 0 0 0 0 0 0 0 0 0 0 0 0 0 0 0 0 0 0 0 0 0 0 0 0 0 0 0 0 0 0 0
0 0 0 0 0 0 0 0 0 0 0 0 0 0 0 0 0 0 0 0 0 0 0 0 0 0 0 0 0 0 0 0 0 0 0 0
##$SHL_EXPANDCF11= (0..143)
0 0 0 0 0 0 0 0 0 0 0 0 0 0 0 0 0 0 0 0 0 0 0 0 0 0 0 0 0 0 0 0 0 0 0 0
0 0 0 0 0 0 0 0 0 0 0 0 0 0 0 0 0 0 0 0 0 0 0 0 0 0 0 0 0 0 0 0 0 0 0 0
0 0 0 0 0 0 0 0 0 0 0 0 0 0 0 0 0 0 0 0 0 0 0 0 0 0 0 0 0 0 0 0 0 0 0 0
0 0 0 0 0 0 0 0 0 0 0 0 0 0 0 0 0 0 0 0 0 0 0 0 0 0 0 0 0 0 0 0 0 0 0 0
##$SHL_EXPANDCF12= (0..143)
0 0 0 0 0 0 0 0 0 0 0 0 0 0 0 0 0 0 0 0 0 0 0 0 0 0 0 0 0 0 0 0 0 0 0 0
0 0 0 0 0 0 0 0 0 0 0 0 0 0 0 0 0 0 0 0 0 0 0 0 0 0 0 0 0 0 0 0 0 0 0 0
0 0 0 0 0 0 0 0 0 0 0 0 0 0 0 0 0 0 0 0 0 0 0 0 0 0 0 0 0 0 0 0 0 0 0 0
0 0 0 0 0 0 0 0 0 0 0 0 0 0 0 0 0 0 0 0 0 0 0 0 0 0 0 0 0 0 0 0 0 0 0 0
##$SHL_EXPANDCF13= (0..143)
0 0 0 0 0 0 0 0 0 0 0 0 0 0 0 0 0 0 0 0 0 0 0 0 0 0 0 0 0 0 0 0 0 0 0 0
0 0 0 0 0 0 0 0 0 0 0 0 0 0 0 0 0 0 0 0 0 0 0 0 0 0 0 0 0 0 0 0 0 0 0 0
0 0 0 0 0 0 0 0 0 0 0 0 0 0 0 0 0 0 0 0 0 0 0 0 0 0 0 0 0 0 0 0 0 0 0 0
0 0 0 0 0 0 0 0 0 0 0 0 0 0 0 0 0 0 0 0 0 0 0 0 0 0 0 0 0 0 0 0 0 0 0 0
##$SHL_EXPANDCF14= (0..143)
0 0 0 0 0 0 0 0 0 0 0 0 0 0 0 0 0 0 0 0 0 0 0 0 0 0 0 0 0 0 0 0 0 0 0 0
0 0 0 0 0 0 0 0 0 0 0 0 0 0 0 0 0 0 0 0 0 0 0 0 0 0 0 0 0 0 0 0 0 0 0 0
0 0 0 0 0 0 0 0 0 0 0 0 0 0 0 0 0 0 0 0 0 0 0 0 0 0 0 0 0 0 0 0 0 0 0 0
0 0 0 0 0 0 0 0 0 0 0 0 0 0 0 0 0 0 0 0 0 0 0 0 0 0 0 0 0 0 0 0 0 0 0 0
##$SHL_EXPANDCF15= (0..143)
0 0 0 0 0 0 0 0 0 0 0 0 0 0 0 0 0 0 0 0 0 0 0 0 0 0 0 0 0 0 0 0 0 0 0 0
0 0 0 0 0 0 0 0 0 0 0 0 0 0 0 0 0 0 0 0 0 0 0 0 0 0 0 0 0 0 0 0 0 0 0 0
0 0 0 0 0 0 0 0 0 0 0 0 0 0 0 0 0 0 0 0 0 0 0 0 0 0 0 0 0 0 0 0 0 0 0 0
0 0 0 0 0 0 0 0 0 0 0 0 0 0 0 0 0 0 0 0 0 0 0 0 0 0 0 0 0 0 0 0 0 0 0 0
##$SHL_EXPANDCF2= (0..143)
0 0 0 0 0 0 0 0 0 0 0 0 0 0 0 0 0 0 0 0 0 0 0 0 0 0 0 0 0 0 0 0 0 0 0 0
0 0 0 0 0 0 0 0 0 0 0 0 0 0 0 0 0 0 0 0 0 0 0 0 0 0 0 0 0 0 0 0 0 0 0 0
0 0 0 0 0 0 0 0 0 0 0 0 0 0 0 0 0 0 0 0 0 0 0 0 0 0 0 0 0 0 0 0 0 0 0 0
0 0 0 0 0 0 0 0 0 0 0 0 0 0 0 0 0 0 0 0 0 0 0 0 0 0 0 0 0 0 0 0 0 0 0 0
##$SHL_EXPANDCF3= (0..143)
0 0 0 0 0 0 0 0 0 0 0 0 0 0 0 0 0 0 0 0 0 0 0 0 0 0 0 0 0 0 0 0 0 0 0 0
0 0 0 0 0 0 0 0 0 0 0 0 0 0 0 0 0 0 0 0 0 0 0 0 0 0 0 0 0 0 0 0 0 0 0 0
0 0 0 0 0 0 0 0 0 0 0 0 0 0 0 0 0 0 0 0 0 0 0 0 0 0 0 0 0 0 0 0 0 0 0 0
0 0 0 0 0 0 0 0 0 0 0 0 0 0 0 0 0 0 0 0 0 0 0 0 0 0 0 0 0 0 0 0 0 0 0 0
##$SHL_EXPANDCF4= (0..143)
0 0 0 0 0 0 0 0 0 0 0 0 0 0 0 0 0 0 0 0 0 0 0 0 0 0 0 0 0 0 0 0 0 0 0 0
0 0 0 0 0 0 0 0 0 0 0 0 0 0 0 0 0 0 0 0 0 0 0 0 0 0 0 0 0 0 0 0 0 0 0 0
0 0 0 0 0 0 0 0 0 0 0 0 0 0 0 0 0 0 0 0 0 0 0 0 0 0 0 0 0 0 0 0 0 0 0 0
0 0 0 0 0 0 0 0 0 0 0 0 0 0 0 0 0 0 0 0 0 0 0 0 0 0 0 0 0 0 0 0 0 0 0 0
##$SHL_EXPANDCF5= (0..143)
0 0 0 0 0 0 0 0 0 0 0 0 0 0 0 0 0 0 0 0 0 0 0 0 0 0 0 0 0 0 0 0 0 0 0 0
0 0 0 0 0 0 0 0 0 0 0 0 0 0 0 0 0 0 0 0 0 0 0 0 0 0 0 0 0 0 0 0 0 0 0 0
0 0 0 0 0 0 0 0 0 0 0 0 0 0 0 0 0 0 0 0 0 0 0 0 0 0 0 0 0 0 0 0 0 0 0 0
0 0 0 0 0 0 0 0 0 0 0 0 0 0 0 0 0 0 0 0 0 0 0 0 0 0 0 0 0 0 0 0 0 0 0 0
##$SHL_EXPANDCF6= (0..143)
0 0 0 0 0 0 0 0 0 0 0 0 0 0 0 0 0 0 0 0 0 0 0 0 0 0 0 0 0 0 0 0 0 0 0 0
0 0 0 0 0 0 0 0 0 0 0 0 0 0 0 0 0 0 0 0 0 0 0 0 0 0 0 0 0 0 0 0 0 0 0 0
0 0 0 0 0 0 0 0 0 0 0 0 0 0 0 0 0 0 0 0 0 0 0 0 0 0 0 0 0 0 0 0 0 0 0 0
0 0 0 0 0 0 0 0 0 0 0 0 0 0 0 0 0 0 0 0 0 0 0 0 0 0 0 0 0 0 0 0 0 0 0 0
##$SHL_EXPANDCF7= (0..143)
0 0 0 0 0 0 0 0 0 0 0 0 0 0 0 0 0 0 0 0 0 0 0 0 0 0 0 0 0 0 0 0 0 0 0 0
0 0 0 0 0 0 0 0 0 0 0 0 0 0 0 0 0 0 0 0 0 0 0 0 0 0 0 0 0 0 0 0 0 0 0 0
0 0 0 0 0 0 0 0 0 0 0 0 0 0 0 0 0 0 0 0 0 0 0 0 0 0 0 0 0 0 0 0 0 0 0 0
0 0 0 0 0 0 0 0 0 0 0 0 0 0 0 0 0 0 0 0 0 0 0 0 0 0 0 0 0 0 0 0 0 0 0 0
##$SHL_EXPANDCF8= (0..143)
0 0 0 0 0 0 0 0 0 0 0 0 0 0 0 0 0 0 0 0 0 0 0 0 0 0 0 0 0 0 0 0 0 0 0 0
0 0 0 0 0 0 0 0 0 0 0 0 0 0 0 0 0 0 0 0 0 0 0 0 0 0 0 0 0 0 0 0 0 0 0 0
0 0 0 0 0 0 0 0 0 0 0 0 0 0 0 0 0 0 0 0 0 0 0 0 0 0 0 0 0 0 0 0 0 0 0 0
0 0 0 0 0 0 0 0 0 0 0 0 0 0 0 0 0 0 0 0 0 0 0 0 0 0 0 0 0 0 0 0 0 0 0 0
##$SHL_EXPANDCF9= (0..143)
0 0 0 0 0 0 0 0 0 0 0 0 0 0 0 0 0 0 0 0 0 0 0 0 0 0 0 0 0 0 0 0 0 0 0 0
0 0 0 0 0 0 0 0 0 0 0 0 0 0 0 0 0 0 0 0 0 0 0 0 0 0 0 0 0 0 0 0 0 0 0 0
0 0 0 0 0 0 0 0 0 0 0 0 0 0 0 0 0 0 0 0 0 0 0 0 0 0 0 0 0 0 0 0 0 0 0 0
0 0 0 0 0 0 0 0 0 0 0 0 0 0 0 0 0 0 0 0 0 0 0 0 0 0 0 0 0 0 0 0 0 0 0 0
##$SHL_EXPFAC= (0..15)
0 0 0 0 0 0 0 0 0 0 0 0 0 0 0 0
##$SHL_FRACEND= (0..15)
0 0 0 0 0 0 0 0 0 0 0 0 0 0 0 0
##$SHL_FRACORG= (0..15)
0 0 0 0 0 0 0 0 0 0 0 0 0 0 0 0
##$SHL_FRACSTART= (0..15)
0 0 0 0 0 0 0 0 0 0 0 0 0 0 0 0
##$SHL_FULLHALF= (0..15)
0 0 0 0 0 0 0 0 0 0 0 0 0 0 0 0
##$SHL_FUNCAMP= (0..15)
0 0 0 0 0 0 0 0 0 0 0 0 0 0 0 0
##$SHL_FUNCTION= (0..15)
<Wurst> <> <> <> <> <> <> <> <> <> <> <> <> <> <> <>
##$SHL_GCO= (0..15)
<> <> <> <> <> <> <> <> <> <> <> <> <> <> <> <>
##$SHL_GCOCOEFFS0= (0..59)
0 0 0 0 0 0 0 0 0 0 0 0 0 0 0 0 0 0 0 0 0 0 0 0 0 0 0 0 0 0 0 0 0 0 0 0
0 0 0 0 0 0 0 0 0 0 0 0 0 0 0 0 0 0 0 0 0 0 0 0
##$SHL_GCOCOEFFS1= (0..59)
0 0 0 0 0 0 0 0 0 0 0 0 0 0 0 0 0 0 0 0 0 0 0 0 0 0 0 0 0 0 0 0 0 0 0 0
0 0 0 0 0 0 0 0 0 0 0 0 0 0 0 0 0 0 0 0 0 0 0 0
##$SHL_GCOCOEFFS10= (0..59)
0 0 0 0 0 0 0 0 0 0 0 0 0 0 0 0 0 0 0 0 0 0 0 0 0 0 0 0 0 0 0 0 0 0 0 0
0 0 0 0 0 0 0 0 0 0 0 0 0 0 0 0 0 0 0 0 0 0 0 0
##$SHL_GCOCOEFFS11= (0..59)
0 0 0 0 0 0 0 0 0 0 0 0 0 0 0 0 0 0 0 0 0 0 0 0 0 0 0 0 0 0 0 0 0 0 0 0
0 0 0 0 0 0 0 0 0 0 0 0 0 0 0 0 0 0 0 0 0 0 0 0
##$SHL_GCOCOEFFS12= (0..59)
0 0 0 0 0 0 0 0 0 0 0 0 0 0 0 0 0 0 0 0 0 0 0 0 0 0 0 0 0 0 0 0 0 0 0 0
0 0 0 0 0 0 0 0 0 0 0 0 0 0 0 0 0 0 0 0 0 0 0 0
##$SHL_GCOCOEFFS13= (0..59)
0 0 0 0 0 0 0 0 0 0 0 0 0 0 0 0 0 0 0 0 0 0 0 0 0 0 0 0 0 0 0 0 0 0 0 0
0 0 0 0 0 0 0 0 0 0 0 0 0 0 0 0 0 0 0 0 0 0 0 0
##$SHL_GCOCOEFFS14= (0..59)
0 0 0 0 0 0 0 0 0 0 0 0 0 0 0 0 0 0 0 0 0 0 0 0 0 0 0 0 0 0 0 0 0 0 0 0
0 0 0 0 0 0 0 0 0 0 0 0 0 0 0 0 0 0 0 0 0 0 0 0
##$SHL_GCOCOEFFS15= (0..59)
0 0 0 0 0 0 0 0 0 0 0 0 0 0 0 0 0 0 0 0 0 0 0 0 0 0 0 0 0 0 0 0 0 0 0 0
0 0 0 0 0 0 0 0 0 0 0 0 0 0 0 0 0 0 0 0 0 0 0 0
##$SHL_GCOCOEFFS2= (0..59)
0 0 0 0 0 0 0 0 0 0 0 0 0 0 0 0 0 0 0 0 0 0 0 0 0 0 0 0 0 0 0 0 0 0 0 0
0 0 0 0 0 0 0 0 0 0 0 0 0 0 0 0 0 0 0 0 0 0 0 0
##$SHL_GCOCOEFFS3= (0..59)
0 0 0 0 0 0 0 0 0 0 0 0 0 0 0 0 0 0 0 0 0 0 0 0 0 0 0 0 0 0 0 0 0 0 0 0
0 0 0 0 0 0 0 0 0 0 0 0 0 0 0 0 0 0 0 0 0 0 0 0
##$SHL_GCOCOEFFS4= (0..59)
0 0 0 0 0 0 0 0 0 0 0 0 0 0 0 0 0 0 0 0 0 0 0 0 0 0 0 0 0 0 0 0 0 0 0 0
0 0 0 0 0 0 0 0 0 0 0 0 0 0 0 0 0 0 0 0 0 0 0 0
##$SHL_GCOCOEFFS5= (0..59)
0 0 0 0 0 0 0 0 0 0 0 0 0 0 0 0 0 0 0 0 0 0 0 0 0 0 0 0 0 0 0 0 0 0 0 0
0 0 0 0 0 0 0 0 0 0 0 0 0 0 0 0 0 0 0 0 0 0 0 0
##$SHL_GCOCOEFFS6= (0..59)
0 0 0 0 0 0 0 0 0 0 0 0 0 0 0 0 0 0 0 0 0 0 0 0 0 0 0 0 0 0 0 0 0 0 0 0
0 0 0 0 0 0 0 0 0 0 0 0 0 0 0 0 0 0 0 0 0 0 0 0
##$SHL_GCOCOEFFS7= (0..59)
0 0 0 0 0 0 0 0 0 0 0 0 0 0 0 0 0 0 0 0 0 0 0 0 0 0 0 0 0 0 0 0 0 0 0 0
0 0 0 0 0 0 0 0 0 0 0 0 0 0 0 0 0 0 0 0 0 0 0 0
##$SHL_GCOCOEFFS8= (0..59)
0 0 0 0 0 0 0 0 0 0 0 0 0 0 0 0 0 0 0 0 0 0 0 0 0 0 0 0 0 0 0 0 0 0 0 0
0 0 0 0 0 0 0 0 0 0 0 0 0 0 0 0 0 0 0 0 0 0 0 0
##$SHL_GCOCOEFFS9= (0..59)
0 0 0 0 0 0 0 0 0 0 0 0 0 0 0 0 0 0 0 0 0 0 0 0 0 0 0 0 0 0 0 0 0 0 0 0
0 0 0 0 0 0 0 0 0 0 0 0 0 0 0 0 0 0 0 0 0 0 0 0
##$SHL_INTEGFAC= (0..15)
0.12533141 0 0 0 0 0 0 0 0 0 0 0 0 0 0 0
##$SHL_LB= (0..15)
0 0 0 0 0 0 0 0 0 0 0 0 0 0 0 0
##$SHL_LEFTLIMIT= (0..15)
0 0 0 0 0 0 0 0 0 0 0 0 0 0 0 0
##$SHL_LENGTH= (0..15)
50 0 0 0 0 0 0 0 0 0 0 0 0 0 0 0
##$SHL_MAN= (0..15)
<> <> <> <> <> <> <> <> <> <> <> <> <> <> <> <>
##$SHL_MEANAMP= (0..15)
0 0 0 0 0 0 0 0 0 0 0 0 0 0 0 0
##$SHL_MODAMP= (0..15)
0 0 0 0 0 0 0 0 0 0 0 0 0 0 0 0
##$SHL_MODE= (0..15)
0 0 0 0 0 0 0 0 0 0 0 0 0 0 0 0
##$SHL_MODFREQ= (0..15)
0 0 0 0 0 0 0 0 0 0 0 0 0 0 0 0
##$SHL_MODPHASE= (0..15)
0 0 0 0 0 0 0 0 0 0 0 0 0 0 0 0
##$SHL_MODSCALE= (0..15)
0 0 0 0 0 0 0 0 0 0 0 0 0 0 0 0
##$SHL_MODSW= (0..15)
0 0 0 0 0 0 0 0 0 0 0 0 0 0 0 0
##$SHL_MODSWDIR= (0..15)
-1 -1 -1 -1 -1 -1 -1 -1 -1 -1 -1 -1 -1 -1 -1 -1
##$SHL_MU= (0..15)
0 0 0 0 0 0 0 0 0 0 0 0 0 0 0 0
##$SHL_NPOINTS= (0..15)
1000 0 0 0 0 0 0 0 0 0 0 0 0 0 0 0
##$SHL_OFFS= (0..15)
<> <> <> <> <> <> <> <> <> <> <> <> <> <> <> <>
##$SHL_OFFSCOEFF0= (0..95)
0 0 0 0 0 0 0 0 0 0 0 0 0 0 0 0 0 0 0 0 0 0 0 0 0 0 0 0 0 0 0 0 0 0 0 0
0 0 0 0 0 0 0 0 0 0 0 0 0 0 0 0 0 0 0 0 0 0 0 0 0 0 0 0 0 0 0 0 0 0 0 0
0 0 0 0 0 0 0 0 0 0 0 0 0 0 0 0 0 0 0 0 0 0 0 0
##$SHL_OFFSCOEFF1= (0..95)
0 0 0 0 0 0 0 0 0 0 0 0 0 0 0 0 0 0 0 0 0 0 0 0 0 0 0 0 0 0 0 0 0 0 0 0
0 0 0 0 0 0 0 0 0 0 0 0 0 0 0 0 0 0 0 0 0 0 0 0 0 0 0 0 0 0 0 0 0 0 0 0
0 0 0 0 0 0 0 0 0 0 0 0 0 0 0 0 0 0 0 0 0 0 0 0
##$SHL_OFFSCOEFF10= (0..95)
0 0 0 0 0 0 0 0 0 0 0 0 0 0 0 0 0 0 0 0 0 0 0 0 0 0 0 0 0 0 0 0 0 0 0 0
0 0 0 0 0 0 0 0 0 0 0 0 0 0 0 0 0 0 0 0 0 0 0 0 0 0 0 0 0 0 0 0 0 0 0 0
0 0 0 0 0 0 0 0 0 0 0 0 0 0 0 0 0 0 0 0 0 0 0 0
##$SHL_OFFSCOEFF11= (0..95)
0 0 0 0 0 0 0 0 0 0 0 0 0 0 0 0 0 0 0 0 0 0 0 0 0 0 0 0 0 0 0 0 0 0 0 0
0 0 0 0 0 0 0 0 0 0 0 0 0 0 0 0 0 0 0 0 0 0 0 0 0 0 0 0 0 0 0 0 0 0 0 0
0 0 0 0 0 0 0 0 0 0 0 0 0 0 0 0 0 0 0 0 0 0 0 0
##$SHL_OFFSCOEFF12= (0..95)
0 0 0 0 0 0 0 0 0 0 0 0 0 0 0 0 0 0 0 0 0 0 0 0 0 0 0 0 0 0 0 0 0 0 0 0
0 0 0 0 0 0 0 0 0 0 0 0 0 0 0 0 0 0 0 0 0 0 0 0 0 0 0 0 0 0 0 0 0 0 0 0
0 0 0 0 0 0 0 0 0 0 0 0 0 0 0 0 0 0 0 0 0 0 0 0
##$SHL_OFFSCOEFF13= (0..95)
0 0 0 0 0 0 0 0 0 0 0 0 0 0 0 0 0 0 0 0 0 0 0 0 0 0 0 0 0 0 0 0 0 0 0 0
0 0 0 0 0 0 0 0 0 0 0 0 0 0 0 0 0 0 0 0 0 0 0 0 0 0 0 0 0 0 0 0 0 0 0 0
0 0 0 0 0 0 0 0 0 0 0 0 0 0 0 0 0 0 0 0 0 0 0 0
##$SHL_OFFSCOEFF14= (0..95)
0 0 0 0 0 0 0 0 0 0 0 0 0 0 0 0 0 0 0 0 0 0 0 0 0 0 0 0 0 0 0 0 0 0 0 0
0 0 0 0 0 0 0 0 0 0 0 0 0 0 0 0 0 0 0 0 0 0 0 0 0 0 0 0 0 0 0 0 0 0 0 0
0 0 0 0 0 0 0 0 0 0 0 0 0 0 0 0 0 0 0 0 0 0 0 0
##$SHL_OFFSCOEFF15= (0..95)
0 0 0 0 0 0 0 0 0 0 0 0 0 0 0 0 0 0 0 0 0 0 0 0 0 0 0 0 0 0 0 0 0 0 0 0
0 0 0 0 0 0 0 0 0 0 0 0 0 0 0 0 0 0 0 0 0 0 0 0 0 0 0 0 0 0 0 0 0 0 0 0
0 0 0 0 0 0 0 0 0 0 0 0 0 0 0 0 0 0 0 0 0 0 0 0
##$SHL_OFFSCOEFF2= (0..95)
0 0 0 0 0 0 0 0 0 0 0 0 0 0 0 0 0 0 0 0 0 0 0 0 0 0 0 0 0 0 0 0 0 0 0 0
0 0 0 0 0 0 0 0 0 0 0 0 0 0 0 0 0 0 0 0 0 0 0 0 0 0 0 0 0 0 0 0 0 0 0 0
0 0 0 0 0 0 0 0 0 0 0 0 0 0 0 0 0 0 0 0 0 0 0 0
##$SHL_OFFSCOEFF3= (0..95)
0 0 0 0 0 0 0 0 0 0 0 0 0 0 0 0 0 0 0 0 0 0 0 0 0 0 0 0 0 0 0 0 0 0 0 0
0 0 0 0 0 0 0 0 0 0 0 0 0 0 0 0 0 0 0 0 0 0 0 0 0 0 0 0 0 0 0 0 0 0 0 0
0 0 0 0 0 0 0 0 0 0 0 0 0 0 0 0 0 0 0 0 0 0 0 0
##$SHL_OFFSCOEFF4= (0..95)
0 0 0 0 0 0 0 0 0 0 0 0 0 0 0 0 0 0 0 0 0 0 0 0 0 0 0 0 0 0 0 0 0 0 0 0
0 0 0 0 0 0 0 0 0 0 0 0 0 0 0 0 0 0 0 0 0 0 0 0 0 0 0 0 0 0 0 0 0 0 0 0
0 0 0 0 0 0 0 0 0 0 0 0 0 0 0 0 0 0 0 0 0 0 0 0
##$SHL_OFFSCOEFF5= (0..95)
0 0 0 0 0 0 0 0 0 0 0 0 0 0 0 0 0 0 0 0 0 0 0 0 0 0 0 0 0 0 0 0 0 0 0 0
0 0 0 0 0 0 0 0 0 0 0 0 0 0 0 0 0 0 0 0 0 0 0 0 0 0 0 0 0 0 0 0 0 0 0 0
0 0 0 0 0 0 0 0 0 0 0 0 0 0 0 0 0 0 0 0 0 0 0 0
##$SHL_OFFSCOEFF6= (0..95)
0 0 0 0 0 0 0 0 0 0 0 0 0 0 0 0 0 0 0 0 0 0 0 0 0 0 0 0 0 0 0 0 0 0 0 0
0 0 0 0 0 0 0 0 0 0 0 0 0 0 0 0 0 0 0 0 0 0 0 0 0 0 0 0 0 0 0 0 0 0 0 0
0 0 0 0 0 0 0 0 0 0 0 0 0 0 0 0 0 0 0 0 0 0 0 0
##$SHL_OFFSCOEFF7= (0..95)
0 0 0 0 0 0 0 0 0 0 0 0 0 0 0 0 0 0 0 0 0 0 0 0 0 0 0 0 0 0 0 0 0 0 0 0
0 0 0 0 0 0 0 0 0 0 0 0 0 0 0 0 0 0 0 0 0 0 0 0 0 0 0 0 0 0 0 0 0 0 0 0
0 0 0 0 0 0 0 0 0 0 0 0 0 0 0 0 0 0 0 0 0 0 0 0
##$SHL_OFFSCOEFF8= (0..95)
0 0 0 0 0 0 0 0 0 0 0 0 0 0 0 0 0 0 0 0 0 0 0 0 0 0 0 0 0 0 0 0 0 0 0 0
0 0 0 0 0 0 0 0 0 0 0 0 0 0 0 0 0 0 0 0 0 0 0 0 0 0 0 0 0 0 0 0 0 0 0 0
0 0 0 0 0 0 0 0 0 0 0 0 0 0 0 0 0 0 0 0 0 0 0 0
##$SHL_OFFSCOEFF9= (0..95)
0 0 0 0 0 0 0 0 0 0 0 0 0 0 0 0 0 0 0 0 0 0 0 0 0 0 0 0 0 0 0 0 0 0 0 0
0 0 0 0 0 0 0 0 0 0 0 0 0 0 0 0 0 0 0 0 0 0 0 0 0 0 0 0 0 0 0 0 0 0 0 0
0 0 0 0 0 0 0 0 0 0 0 0 0 0 0 0 0 0 0 0 0 0 0 0
##$SHL_PHASE= (0..15)
0 0 0 0 0 0 0 0 0 0 0 0 0 0 0 0
##$SHL_PHASEFAC= (0..15)
0 0 0 0 0 0 0 0 0 0 0 0 0 0 0 0
##$SHL_POWERINDEX= (0..15)
20 0 0 0 0 0 0 0 0 0 0 0 0 0 0 0
##$SHL_QUADCOEFF= (0..15)
0 0 0 0 0 0 0 0 0 0 0 0 0 0 0 0
##$SHL_RIGHTLIMIT= (0..15)
0 0 0 0 0 0 0 0 0 0 0 0 0 0 0 0
##$SHL_SCALEFACTOR= (0..15)
1 1 1 1 1 1 1 1 1 1 1 1 1 1 1 1
##$SHL_SF= (0..15)
<> <> <> <> <> <> <> <> <> <> <> <> <> <> <> <>
##$SHL_SFCOEFFS0= (0..200)
0 0 0 0 0 0 0 0 0 0 0 0 0 0 0 0 0 0 0 0 0 0 0 0 0 0 0 0 0 0 0 0 0 0 0 0
0 0 0 0 0 0 0 0 0 0 0 0 0 0 0 0 0 0 0 0 0 0 0 0 0 0 0 0 0 0 0 0 0 0 0 0
0 0 0 0 0 0 0 0 0 0 0 0 0 0 0 0 0 0 0 0 0 0 0 0 0 0 0 0 0 0 0 0 0 0 0 0
0 0 0 0 0 0 0 0 0 0 0 0 0 0 0 0 0 0 0 0 0 0 0 0 0 0 0 0 0 0 0 0 0 0 0 0
0 0 0 0 0 0 0 0 0 0 0 0 0 0 0 0 0 0 0 0 0 0 0 0 0 0 0 0 0 0 0 0 0 0 0 0
0 0 0 0 0 0 0 0 0 0 0 0 0 0 0 0 0 0 0 0 0
##$SHL_SFCOEFFS1= (0..200)
0 0 0 0 0 0 0 0 0 0 0 0 0 0 0 0 0 0 0 0 0 0 0 0 0 0 0 0 0 0 0 0 0 0 0 0
0 0 0 0 0 0 0 0 0 0 0 0 0 0 0 0 0 0 0 0 0 0 0 0 0 0 0 0 0 0 0 0 0 0 0 0
0 0 0 0 0 0 0 0 0 0 0 0 0 0 0 0 0 0 0 0 0 0 0 0 0 0 0 0 0 0 0 0 0 0 0 0
0 0 0 0 0 0 0 0 0 0 0 0 0 0 0 0 0 0 0 0 0 0 0 0 0 0 0 0 0 0 0 0 0 0 0 0
0 0 0 0 0 0 0 0 0 0 0 0 0 0 0 0 0 0 0 0 0 0 0 0 0 0 0 0 0 0 0 0 0 0 0 0
0 0 0 0 0 0 0 0 0 0 0 0 0 0 0 0 0 0 0 0 0
##$SHL_SFCOEFFS10= (0..200)
0 0 0 0 0 0 0 0 0 0 0 0 0 0 0 0 0 0 0 0 0 0 0 0 0 0 0 0 0 0 0 0 0 0 0 0
0 0 0 0 0 0 0 0 0 0 0 0 0 0 0 0 0 0 0 0 0 0 0 0 0 0 0 0 0 0 0 0 0 0 0 0
0 0 0 0 0 0 0 0 0 0 0 0 0 0 0 0 0 0 0 0 0 0 0 0 0 0 0 0 0 0 0 0 0 0 0 0
0 0 0 0 0 0 0 0 0 0 0 0 0 0 0 0 0 0 0 0 0 0 0 0 0 0 0 0 0 0 0 0 0 0 0 0
0 0 0 0 0 0 0 0 0 0 0 0 0 0 0 0 0 0 0 0 0 0 0 0 0 0 0 0 0 0 0 0 0 0 0 0
0 0 0 0 0 0 0 0 0 0 0 0 0 0 0 0 0 0 0 0 0
##$SHL_SFCOEFFS11= (0..200)
0 0 0 0 0 0 0 0 0 0 0 0 0 0 0 0 0 0 0 0 0 0 0 0 0 0 0 0 0 0 0 0 0 0 0 0
0 0 0 0 0 0 0 0 0 0 0 0 0 0 0 0 0 0 0 0 0 0 0 0 0 0 0 0 0 0 0 0 0 0 0 0
0 0 0 0 0 0 0 0 0 0 0 0 0 0 0 0 0 0 0 0 0 0 0 0 0 0 0 0 0 0 0 0 0 0 0 0
0 0 0 0 0 0 0 0 0 0 0 0 0 0 0 0 0 0 0 0 0 0 0 0 0 0 0 0 0 0 0 0 0 0 0 0
0 0 0 0 0 0 0 0 0 0 0 0 0 0 0 0 0 0 0 0 0 0 0 0 0 0 0 0 0 0 0 0 0 0 0 0
0 0 0 0 0 0 0 0 0 0 0 0 0 0 0 0 0 0 0 0 0
##$SHL_SFCOEFFS12= (0..200)
0 0 0 0 0 0 0 0 0 0 0 0 0 0 0 0 0 0 0 0 0 0 0 0 0 0 0 0 0 0 0 0 0 0 0 0
0 0 0 0 0 0 0 0 0 0 0 0 0 0 0 0 0 0 0 0 0 0 0 0 0 0 0 0 0 0 0 0 0 0 0 0
0 0 0 0 0 0 0 0 0 0 0 0 0 0 0 0 0 0 0 0 0 0 0 0 0 0 0 0 0 0 0 0 0 0 0 0
0 0 0 0 0 0 0 0 0 0 0 0 0 0 0 0 0 0 0 0 0 0 0 0 0 0 0 0 0 0 0 0 0 0 0 0
0 0 0 0 0 0 0 0 0 0 0 0 0 0 0 0 0 0 0 0 0 0 0 0 0 0 0 0 0 0 0 0 0 0 0 0
0 0 0 0 0 0 0 0 0 0 0 0 0 0 0 0 0 0 0 0 0
##$SHL_SFCOEFFS13= (0..200)
0 0 0 0 0 0 0 0 0 0 0 0 0 0 0 0 0 0 0 0 0 0 0 0 0 0 0 0 0 0 0 0 0 0 0 0
0 0 0 0 0 0 0 0 0 0 0 0 0 0 0 0 0 0 0 0 0 0 0 0 0 0 0 0 0 0 0 0 0 0 0 0
0 0 0 0 0 0 0 0 0 0 0 0 0 0 0 0 0 0 0 0 0 0 0 0 0 0 0 0 0 0 0 0 0 0 0 0
0 0 0 0 0 0 0 0 0 0 0 0 0 0 0 0 0 0 0 0 0 0 0 0 0 0 0 0 0 0 0 0 0 0 0 0
0 0 0 0 0 0 0 0 0 0 0 0 0 0 0 0 0 0 0 0 0 0 0 0 0 0 0 0 0 0 0 0 0 0 0 0
0 0 0 0 0 0 0 0 0 0 0 0 0 0 0 0 0 0 0 0 0
##$SHL_SFCOEFFS14= (0..200)
0 0 0 0 0 0 0 0 0 0 0 0 0 0 0 0 0 0 0 0 0 0 0 0 0 0 0 0 0 0 0 0 0 0 0 0
0 0 0 0 0 0 0 0 0 0 0 0 0 0 0 0 0 0 0 0 0 0 0 0 0 0 0 0 0 0 0 0 0 0 0 0
0 0 0 0 0 0 0 0 0 0 0 0 0 0 0 0 0 0 0 0 0 0 0 0 0 0 0 0 0 0 0 0 0 0 0 0
0 0 0 0 0 0 0 0 0 0 0 0 0 0 0 0 0 0 0 0 0 0 0 0 0 0 0 0 0 0 0 0 0 0 0 0
0 0 0 0 0 0 0 0 0 0 0 0 0 0 0 0 0 0 0 0 0 0 0 0 0 0 0 0 0 0 0 0 0 0 0 0
0 0 0 0 0 0 0 0 0 0 0 0 0 0 0 0 0 0 0 0 0
##$SHL_SFCOEFFS15= (0..200)
0 0 0 0 0 0 0 0 0 0 0 0 0 0 0 0 0 0 0 0 0 0 0 0 0 0 0 0 0 0 0 0 0 0 0 0
0 0 0 0 0 0 0 0 0 0 0 0 0 0 0 0 0 0 0 0 0 0 0 0 0 0 0 0 0 0 0 0 0 0 0 0
0 0 0 0 0 0 0 0 0 0 0 0 0 0 0 0 0 0 0 0 0 0 0 0 0 0 0 0 0 0 0 0 0 0 0 0
0 0 0 0 0 0 0 0 0 0 0 0 0 0 0 0 0 0 0 0 0 0 0 0 0 0 0 0 0 0 0 0 0 0 0 0
0 0 0 0 0 0 0 0 0 0 0 0 0 0 0 0 0 0 0 0 0 0 0 0 0 0 0 0 0 0 0 0 0 0 0 0
0 0 0 0 0 0 0 0 0 0 0 0 0 0 0 0 0 0 0 0 0
##$SHL_SFCOEFFS2= (0..200)
0 0 0 0 0 0 0 0 0 0 0 0 0 0 0 0 0 0 0 0 0 0 0 0 0 0 0 0 0 0 0 0 0 0 0 0
0 0 0 0 0 0 0 0 0 0 0 0 0 0 0 0 0 0 0 0 0 0 0 0 0 0 0 0 0 0 0 0 0 0 0 0
0 0 0 0 0 0 0 0 0 0 0 0 0 0 0 0 0 0 0 0 0 0 0 0 0 0 0 0 0 0 0 0 0 0 0 0
0 0 0 0 0 0 0 0 0 0 0 0 0 0 0 0 0 0 0 0 0 0 0 0 0 0 0 0 0 0 0 0 0 0 0 0
0 0 0 0 0 0 0 0 0 0 0 0 0 0 0 0 0 0 0 0 0 0 0 0 0 0 0 0 0 0 0 0 0 0 0 0
0 0 0 0 0 0 0 0 0 0 0 0 0 0 0 0 0 0 0 0 0
##$SHL_SFCOEFFS3= (0..200)
0 0 0 0 0 0 0 0 0 0 0 0 0 0 0 0 0 0 0 0 0 0 0 0 0 0 0 0 0 0 0 0 0 0 0 0
0 0 0 0 0 0 0 0 0 0 0 0 0 0 0 0 0 0 0 0 0 0 0 0 0 0 0 0 0 0 0 0 0 0 0 0
0 0 0 0 0 0 0 0 0 0 0 0 0 0 0 0 0 0 0 0 0 0 0 0 0 0 0 0 0 0 0 0 0 0 0 0
0 0 0 0 0 0 0 0 0 0 0 0 0 0 0 0 0 0 0 0 0 0 0 0 0 0 0 0 0 0 0 0 0 0 0 0
0 0 0 0 0 0 0 0 0 0 0 0 0 0 0 0 0 0 0 0 0 0 0 0 0 0 0 0 0 0 0 0 0 0 0 0
0 0 0 0 0 0 0 0 0 0 0 0 0 0 0 0 0 0 0 0 0
##$SHL_SFCOEFFS4= (0..200)
0 0 0 0 0 0 0 0 0 0 0 0 0 0 0 0 0 0 0 0 0 0 0 0 0 0 0 0 0 0 0 0 0 0 0 0
0 0 0 0 0 0 0 0 0 0 0 0 0 0 0 0 0 0 0 0 0 0 0 0 0 0 0 0 0 0 0 0 0 0 0 0
0 0 0 0 0 0 0 0 0 0 0 0 0 0 0 0 0 0 0 0 0 0 0 0 0 0 0 0 0 0 0 0 0 0 0 0
0 0 0 0 0 0 0 0 0 0 0 0 0 0 0 0 0 0 0 0 0 0 0 0 0 0 0 0 0 0 0 0 0 0 0 0
0 0 0 0 0 0 0 0 0 0 0 0 0 0 0 0 0 0 0 0 0 0 0 0 0 0 0 0 0 0 0 0 0 0 0 0
0 0 0 0 0 0 0 0 0 0 0 0 0 0 0 0 0 0 0 0 0
##$SHL_SFCOEFFS5= (0..200)
0 0 0 0 0 0 0 0 0 0 0 0 0 0 0 0 0 0 0 0 0 0 0 0 0 0 0 0 0 0 0 0 0 0 0 0
0 0 0 0 0 0 0 0 0 0 0 0 0 0 0 0 0 0 0 0 0 0 0 0 0 0 0 0 0 0 0 0 0 0 0 0
0 0 0 0 0 0 0 0 0 0 0 0 0 0 0 0 0 0 0 0 0 0 0 0 0 0 0 0 0 0 0 0 0 0 0 0
0 0 0 0 0 0 0 0 0 0 0 0 0 0 0 0 0 0 0 0 0 0 0 0 0 0 0 0 0 0 0 0 0 0 0 0
0 0 0 0 0 0 0 0 0 0 0 0 0 0 0 0 0 0 0 0 0 0 0 0 0 0 0 0 0 0 0 0 0 0 0 0
0 0 0 0 0 0 0 0 0 0 0 0 0 0 0 0 0 0 0 0 0
##$SHL_SFCOEFFS6= (0..200)
0 0 0 0 0 0 0 0 0 0 0 0 0 0 0 0 0 0 0 0 0 0 0 0 0 0 0 0 0 0 0 0 0 0 0 0
0 0 0 0 0 0 0 0 0 0 0 0 0 0 0 0 0 0 0 0 0 0 0 0 0 0 0 0 0 0 0 0 0 0 0 0
0 0 0 0 0 0 0 0 0 0 0 0 0 0 0 0 0 0 0 0 0 0 0 0 0 0 0 0 0 0 0 0 0 0 0 0
0 0 0 0 0 0 0 0 0 0 0 0 0 0 0 0 0 0 0 0 0 0 0 0 0 0 0 0 0 0 0 0 0 0 0 0
0 0 0 0 0 0 0 0 0 0 0 0 0 0 0 0 0 0 0 0 0 0 0 0 0 0 0 0 0 0 0 0 0 0 0 0
0 0 0 0 0 0 0 0 0 0 0 0 0 0 0 0 0 0 0 0 0
##$SHL_SFCOEFFS7= (0..200)
0 0 0 0 0 0 0 0 0 0 0 0 0 0 0 0 0 0 0 0 0 0 0 0 0 0 0 0 0 0 0 0 0 0 0 0
0 0 0 0 0 0 0 0 0 0 0 0 0 0 0 0 0 0 0 0 0 0 0 0 0 0 0 0 0 0 0 0 0 0 0 0
0 0 0 0 0 0 0 0 0 0 0 0 0 0 0 0 0 0 0 0 0 0 0 0 0 0 0 0 0 0 0 0 0 0 0 0
0 0 0 0 0 0 0 0 0 0 0 0 0 0 0 0 0 0 0 0 0 0 0 0 0 0 0 0 0 0 0 0 0 0 0 0
0 0 0 0 0 0 0 0 0 0 0 0 0 0 0 0 0 0 0 0 0 0 0 0 0 0 0 0 0 0 0 0 0 0 0 0
0 0 0 0 0 0 0 0 0 0 0 0 0 0 0 0 0 0 0 0 0
##$SHL_SFCOEFFS8= (0..200)
0 0 0 0 0 0 0 0 0 0 0 0 0 0 0 0 0 0 0 0 0 0 0 0 0 0 0 0 0 0 0 0 0 0 0 0
0 0 0 0 0 0 0 0 0 0 0 0 0 0 0 0 0 0 0 0 0 0 0 0 0 0 0 0 0 0 0 0 0 0 0 0
0 0 0 0 0 0 0 0 0 0 0 0 0 0 0 0 0 0 0 0 0 0 0 0 0 0 0 0 0 0 0 0 0 0 0 0
0 0 0 0 0 0 0 0 0 0 0 0 0 0 0 0 0 0 0 0 0 0 0 0 0 0 0 0 0 0 0 0 0 0 0 0
0 0 0 0 0 0 0 0 0 0 0 0 0 0 0 0 0 0 0 0 0 0 0 0 0 0 0 0 0 0 0 0 0 0 0 0
0 0 0 0 0 0 0 0 0 0 0 0 0 0 0 0 0 0 0 0 0
##$SHL_SFCOEFFS9= (0..200)
0 0 0 0 0 0 0 0 0 0 0 0 0 0 0 0 0 0 0 0 0 0 0 0 0 0 0 0 0 0 0 0 0 0 0 0
0 0 0 0 0 0 0 0 0 0 0 0 0 0 0 0 0 0 0 0 0 0 0 0 0 0 0 0 0 0 0 0 0 0 0 0
0 0 0 0 0 0 0 0 0 0 0 0 0 0 0 0 0 0 0 0 0 0 0 0 0 0 0 0 0 0 0 0 0 0 0 0
0 0 0 0 0 0 0 0 0 0 0 0 0 0 0 0 0 0 0 0 0 0 0 0 0 0 0 0 0 0 0 0 0 0 0 0
0 0 0 0 0 0 0 0 0 0 0 0 0 0 0 0 0 0 0 0 0 0 0 0 0 0 0 0 0 0 0 0 0 0 0 0
0 0 0 0 0 0 0 0 0 0 0 0 0 0 0 0 0 0 0 0 0
##$SHL_SMOOTHED= (0..15)
0 0 0 0 0 0 0 0 0 0 0 0 0 0 0 0
##$SHL_SMOOTHING= (0..15)
0 0 0 0 0 0 0 0 0 0 0 0 0 0 0 0
##$SHL_SPOAL= (0..15)
0 0 0 0 0 0 0 0 0 0 0 0 0 0 0 0
##$SHL_SPOFFS= (0..15)
0 0 0 0 0 0 0 0 0 0 0 0 0 0 0 0
##$SHL_SPOPH= (0..15)
0 0 0 0 0 0 0 0 0 0 0 0 0 0 0 0
##$SHL_STARTAMP= (0..15)
0 0 0 0 0 0 0 0 0 0 0 0 0 0 0 0
##$SHL_SW= (0..15)
400000 0 0 0 0 0 0 0 0 0 0 0 0 0 0 0
##$SHL_SWDIR= (0..15)
-1 -1 -1 -1 -1 -1 -1 -1 -1 -1 -1 -1 -1 -1 -1 -1
##$SHL_TANKAPPA= (0..15)
0 0 0 0 0 0 0 0 0 0 0 0 0 0 0 0
##$SHL_TOTROT= (0..15)
180 0 0 0 0 0 0 0 0 0 0 0 0 0 0 0
##$SHL_TRUNCLEV= (0..15)
0 0 0 0 0 0 0 0 0 0 0 0 0 0 0 0
##$SHL_TYPE= (0..15)
<Inversion> <> <> <> <> <> <> <> <> <> <> <> <> <> <> <>
##$SHL_WINDOWSIZE= (0..15)
0 0 0 0 0 0 0 0 0 0 0 0 0 0 0 0
##$SHL_ZETA= (0..15)
0 0 0 0 0 0 0 0 0 0 0 0 0 0 0 0
##NPOINTS= 1000
##XYPOINTS= (XY..XY)
0.000000, 178.200900
0.009889, 174.608100
0.039550, 171.022500
0.088966, 167.444100
0.158109, 163.872900
0.246939, 160.308900
0.355405, 156.752100
0.483446, 153.202500
0.630988, 149.660100
0.797946, 146.124900
0.984225, 142.596900
1.189719, 139.076100
1.414311, 135.562500
1.657873, 132.056100
1.920267, 128.556900
2.201344, 125.064900
2.500944, 121.580100
2.818898, 118.102500
3.155026, 114.632100
3.509140, 111.168900
3.881041, 107.712900
4.270518, 104.264100
4.677356, 100.822500
5.101327, 97.388100
5.542194, 93.960900
5.999714, 90.540900
6.473632, 87.128100
6.963688, 83.722500
7.469613, 80.324100
7.991127, 76.932900
8.527948, 73.548900
9.079782, 70.172100
9.646331, 66.802500
10.227288, 63.440100
10.822342, 60.084900
11.431172, 56.736900
12.053454, 53.396100
12.688859, 50.062500
13.337050, 46.736100
13.997685, 43.416900
14.670420, 40.104900
15.354904, 36.800100
16.050782, 33.502500
16.757696, 30.212100
17.475283, 26.928900
18.203178, 23.652900
18.941013, 20.384100
19.688415, 17.122500
20.445011, 13.868100
21.210426, 10.620900
21.984280, 7.380900
22.766196, 4.148100
23.555791, 0.922500
24.352686, 357.704100
25.156496, 354.492900
25.966841, 351.288900
26.783336, 348.092100
27.605601, 344.902500
28.433252, 341.720100
29.265909, 338.544900
30.103191, 335.376900
30.944720, 332.216100
31.790119, 329.062500
32.639012, 325.916100
33.491027, 322.776900
34.345793, 319.644900
35.202941, 316.520100
36.062108, 313.402500
36.922930, 310.292100
37.785049, 307.188900
38.648112, 304.092900
39.511765, 301.004100
40.375664, 297.922500
41.239464, 294.848100
42.102828, 291.780900
42.965422, 288.720900
43.826918, 285.668100
44.686992, 282.622500
45.545327, 279.584100
46.401608, 276.552900
47.255529, 273.528900
48.106789, 270.512100
48.955092, 267.502500
49.800148, 264.500100
50.641675, 261.504900
51.479394, 258.516900
52.313036, 255.536100
53.142336, 252.562500
53.967037, 249.596100
54.786888, 246.636900
55.601646, 243.684900
56.411072, 240.740100
57.214939, 237.802500
58.013021, 234.872100
58.805104, 231.948900
59.590980, 229.032900
60.370445, 226.124100
61.143307, 223.222500
61.909378, 220.328100
62.668479, 217.440900
63.420436, 214.560900
64.165086, 211.688100
64.902269, 208.822500
65.631837, 205.964100
66.353645, 203.112900
67.067557, 200.268900
67.773445, 197.432100
68.471187, 194.602500
69.160669, 191.780100
69.841784, 188.964900
70.514431, 186.156900
71.178517, 183.356100
71.833955, 180.562500
72.480667, 177.776100
73.118580, 174.996900
73.747628, 172.224900
74.367751, 169.460100
74.978898, 166.702500
75.581021, 163.952100
76.174080, 161.208900
76.758043, 158.472900
77.332881, 155.744100
77.898574, 153.022500
78.455105, 150.308100
79.002464, 147.600900
79.540649, 144.900900
80.069659, 142.208100
80.589503, 139.522500
81.100192, 136.844100
81.601745, 134.172900
82.094182, 131.508900
82.577533, 128.852100
83.051829, 126.202500
83.517106, 123.560100
83.973407, 120.924900
84.420777, 118.296900
84.859266, 115.676100
85.288928, 113.062500
85.709821, 110.456100
86.122006, 107.856900
86.525551, 105.264900
86.920522, 102.680100
87.306993, 100.102500
87.685039, 97.532100
88.054739, 94.968900
88.416174, 92.412900
88.769429, 89.864100
89.114591, 87.322500
89.451749, 84.788100
89.780995, 82.260900
90.102425, 79.740900
90.416133, 77.228100
90.722218, 74.722500
91.020780, 72.224100
91.311922, 69.732900
91.595746, 67.248900
91.872358, 64.772100
92.141864, 62.302500
92.404370, 59.840100
92.659987, 57.384900
92.908822, 54.936900
93.150987, 52.496100
93.386592, 50.062500
93.615750, 47.636100
93.838572, 45.216900
94.055171, 42.804900
94.265660, 40.400100
94.470152, 38.002500
94.668760, 35.612100
94.861598, 33.228900
95.048779, 30.852900
95.230415, 28.484100
95.406620, 26.122500
95.577506, 23.768100
95.743184, 21.420900
95.903767, 19.080900
96.059365, 16.748100
96.210088, 14.422500
96.356046, 12.104100
96.497349, 9.792900
96.634102, 7.488900
96.766415, 5.192100
96.894392, 2.902500
97.018139, 0.620100
97.137759, 358.344900
97.253356, 356.076900
97.365031, 353.816100
97.472885, 351.562500
97.577016, 349.316100
97.677523, 347.076900
97.774502, 344.844900
97.868049, 342.620100
97.958257, 340.402500
98.045219, 338.192100
98.129025, 335.988900
98.209766, 333.792900
98.287529, 331.604100
98.362400, 329.422500
98.434466, 327.248100
98.503808, 325.080900
98.570510, 322.920900
98.634651, 320.768100
98.696310, 318.622500
98.755565, 316.484100
98.812490, 314.352900
98.867161, 312.228900
98.919649, 310.112100
98.970026, 308.002500
99.018361, 305.900100
99.064721, 303.804900
99.109173, 301.716900
99.151781, 299.636100
99.192608, 297.562500
99.231717, 295.496100
99.269166, 293.436900
99.305015, 291.384900
99.339320, 289.340100
99.372137, 287.302500
99.403520, 285.272100
99.433521, 283.248900
99.462192, 281.232900
99.489582, 279.224100
99.515739, 277.222500
99.540711, 275.228100
99.564542, 273.240900
99.587278, 271.260900
99.608961, 269.288100
99.629632, 267.322500
99.649331, 265.364100
99.668099, 263.412900
99.685972, 261.468900
99.702987, 259.532100
99.719179, 257.602500
99.734584, 255.680100
99.749233, 253.764900
99.763158, 251.856900
99.776392, 249.956100
99.788963, 248.062500
99.800900, 246.176100
99.812231, 244.296900
99.822983, 242.424900
99.833181, 240.560100
99.842851, 238.702500
99.852016, 236.852100
99.860699, 235.008900
99.868923, 233.172900
99.876709, 231.344100
99.884077, 229.522500
99.891047, 227.708100
99.897638, 225.900900
99.903868, 224.100900
99.909755, 222.308100
99.915315, 220.522500
99.920565, 218.744100
99.925519, 216.972900
99.930192, 215.208900
99.934599, 213.452100
99.938753, 211.702500
99.942667, 209.960100
99.946354, 208.224900
99.949824, 206.496900
99.953089, 204.776100
99.956161, 203.062500
99.959049, 201.356100
99.961764, 199.656900
99.964314, 197.964900
99.966708, 196.280100
99.968956, 194.602500
99.971064, 192.932100
99.973042, 191.268900
99.974895, 189.612900
99.976632, 187.964100
99.978259, 186.322500
99.979781, 184.688100
99.981206, 183.060900
99.982538, 181.440900
99.983784, 179.828100
99.984948, 178.222500
99.986035, 176.624100
99.987050, 175.032900
99.987996, 173.448900
99.988879, 171.872100
99.989702, 170.302500
99.990469, 168.740100
99.991184, 167.184900
99.991848, 165.636900
99.992467, 164.096100
99.993042, 162.562500
99.993576, 161.036100
99.994073, 159.516900
99.994534, 158.004900
99.994962, 156.500100
99.995359, 155.002500
99.995726, 153.512100
99.996067, 152.028900
99.996383, 150.552900
99.996675, 149.084100
99.996945, 147.622500
99.997195, 146.168100
99.997426, 144.720900
99.997639, 143.280900
99.997836, 141.848100
99.998017, 140.422500
99.998185, 139.004100
99.998339, 137.592900
99.998481, 136.188900
99.998612, 134.792100
99.998732, 133.402500
99.998842, 132.020100
99.998944, 130.644900
99.999037, 129.276900
99.999123, 127.916100
99.999201, 126.562500
99.999273, 125.216100
99.999339, 123.876900
99.999399, 122.544900
99.999454, 121.220100
99.999505, 119.902500
99.999551, 118.592100
99.999593, 117.288900
99.999631, 115.992900
99.999666, 114.704100
99.999698, 113.422500
99.999727, 112.148100
99.999754, 110.880900
99.999778, 109.620900
99.999799, 108.368100
99.999819, 107.122500
99.999837, 105.884100
99.999853, 104.652900
99.999868, 103.428900
99.999882, 102.212100
99.999894, 101.002500
99.999905, 99.800100
99.999915, 98.604900
99.999923, 97.416900
99.999931, 96.236100
99.999939, 95.062500
99.999945, 93.896100
99.999951, 92.736900
99.999956, 91.584900
99.999961, 90.440100
99.999965, 89.302500
99.999969, 88.172100
99.999973, 87.048900
99.999976, 85.932900
99.999978, 84.824100
99.999981, 83.722500
99.999983, 82.628100
99.999985, 81.540900
99.999987, 80.460900
99.999988, 79.388100
99.999990, 78.322500
99.999991, 77.264100
99.999992, 76.212900
99.999993, 75.168900
99.999994, 74.132100
99.999995, 73.102500
99.999995, 72.080100
99.999996, 71.064900
99.999996, 70.056900
99.999997, 69.056100
99.999997, 68.062500
99.999998, 67.076100
99.999998, 66.096900
99.999998, 65.124900
99.999998, 64.160100
99.999999, 63.202500
99.999999, 62.252100
99.999999, 61.308900
99.999999, 60.372900
99.999999, 59.444100
99.999999, 58.522500
99.999999, 57.608100
100.000000, 56.700900
100.000000, 55.800900
100.000000, 54.908100
100.000000, 54.022500
100.000000, 53.144100
100.000000, 52.272900
100.000000, 51.408900
100.000000, 50.552100
100.000000, 49.702500
100.000000, 48.860100
100.000000, 48.024900
100.000000, 47.196900
100.000000, 46.376100
100.000000, 45.562500
100.000000, 44.756100
100.000000, 43.956900
100.000000, 43.164900
100.000000, 42.380100
100.000000, 41.602500
100.000000, 40.832100
100.000000, 40.068900
100.000000, 39.312900
100.000000, 38.564100
100.000000, 37.822500
100.000000, 37.088100
100.000000, 36.360900
100.000000, 35.640900
100.000000, 34.928100
100.000000, 34.222500
100.000000, 33.524100
100.000000, 32.832900
100.000000, 32.148900
100.000000, 31.472100
100.000000, 30.802500
100.000000, 30.140100
100.000000, 29.484900
100.000000, 28.836900
100.000000, 28.196100
100.000000, 27.562500
100.000000, 26.936100
100.000000, 26.316900
100.000000, 25.704900
100.000000, 25.100100
100.000000, 24.502500
100.000000, 23.912100
100.000000, 23.328900
100.000000, 22.752900
100.000000, 22.184100
100.000000, 21.622500
100.000000, 21.068100
100.000000, 20.520900
100.000000, 19.980900
100.000000, 19.448100
100.000000, 18.922500
100.000000, 18.404100
100.000000, 17.892900
100.000000, 17.388900
100.000000, 16.892100
100.000000, 16.402500
100.000000, 15.920100
100.000000, 15.444900
100.000000, 14.976900
100.000000, 14.516100
100.000000, 14.062500
100.000000, 13.616100
100.000000, 13.176900
100.000000, 12.744900
100.000000, 12.320100
100.000000, 11.902500
100.000000, 11.492100
100.000000, 11.088900
100.000000, 10.692900
100.000000, 10.304100
100.000000, 9.922500
100.000000, 9.548100
100.000000, 9.180900
100.000000, 8.820900
100.000000, 8.468100
100.000000, 8.122500
100.000000, 7.784100
100.000000, 7.452900
100.000000, 7.128900
100.000000, 6.812100
100.000000, 6.502500
100.000000, 6.200100
100.000000, 5.904900
100.000000, 5.616900
100.000000, 5.336100
100.000000, 5.062500
100.000000, 4.796100
100.000000, 4.536900
100.000000, 4.284900
100.000000, 4.040100
100.000000, 3.802500
100.000000, 3.572100
100.000000, 3.348900
100.000000, 3.132900
100.000000, 2.924100
100.000000, 2.722500
100.000000, 2.528100
100.000000, 2.340900
100.000000, 2.160900
100.000000, 1.988100
100.000000, 1.822500
100.000000, 1.664100
100.000000, 1.512900
100.000000, 1.368900
100.000000, 1.232100
100.000000, 1.102500
100.000000, 0.980100
100.000000, 0.864900
100.000000, 0.756900
100.000000, 0.656100
100.000000, 0.562500
100.000000, 0.476100
100.000000, 0.396900
100.000000, 0.324900
100.000000, 0.260100
100.000000, 0.202500
100.000000, 0.152100
100.000000, 0.108900
100.000000, 0.072900
100.000000, 0.044100
100.000000, 0.022500
100.000000, 0.008100
100.000000, 0.000900
100.000000, 0.000900
100.000000, 0.008100
100.000000, 0.022500
100.000000, 0.044100
100.000000, 0.072900
100.000000, 0.108900
100.000000, 0.152100
100.000000, 0.202500
100.000000, 0.260100
100.000000, 0.324900
100.000000, 0.396900
100.000000, 0.476100
100.000000, 0.562500
100.000000, 0.656100
100.000000, 0.756900
100.000000, 0.864900
100.000000, 0.980100
100.000000, 1.102500
100.000000, 1.232100
100.000000, 1.368900
100.000000, 1.512900
100.000000, 1.664100
100.000000, 1.822500
100.000000, 1.988100
100.000000, 2.160900
100.000000, 2.340900
100.000000, 2.528100
100.000000, 2.722500
100.000000, 2.924100
100.000000, 3.132900
100.000000, 3.348900
100.000000, 3.572100
100.000000, 3.802500
100.000000, 4.040100
100.000000, 4.284900
100.000000, 4.536900
100.000000, 4.796100
100.000000, 5.062500
100.000000, 5.336100
100.000000, 5.616900
100.000000, 5.904900
100.000000, 6.200100
100.000000, 6.502500
100.000000, 6.812100
100.000000, 7.128900
100.000000, 7.452900
100.000000, 7.784100
100.000000, 8.122500
100.000000, 8.468100
100.000000, 8.820900
100.000000, 9.180900
100.000000, 9.548100
100.000000, 9.922500
100.000000, 10.304100
100.000000, 10.692900
100.000000, 11.088900
100.000000, 11.492100
100.000000, 11.902500
100.000000, 12.320100
100.000000, 12.744900
100.000000, 13.176900
100.000000, 13.616100
100.000000, 14.062500
100.000000, 14.516100
100.000000, 14.976900
100.000000, 15.444900
100.000000, 15.920100
100.000000, 16.402500
100.000000, 16.892100
100.000000, 17.388900
100.000000, 17.892900
100.000000, 18.404100
100.000000, 18.922500
100.000000, 19.448100
100.000000, 19.980900
100.000000, 20.520900
100.000000, 21.068100
100.000000, 21.622500
100.000000, 22.184100
100.000000, 22.752900
100.000000, 23.328900
100.000000, 23.912100
100.000000, 24.502500
100.000000, 25.100100
100.000000, 25.704900
100.000000, 26.316900
100.000000, 26.936100
100.000000, 27.562500
100.000000, 28.196100
100.000000, 28.836900
100.000000, 29.484900
100.000000, 30.140100
100.000000, 30.802500
100.000000, 31.472100
100.000000, 32.148900
100.000000, 32.832900
100.000000, 33.524100
100.000000, 34.222500
100.000000, 34.928100
100.000000, 35.640900
100.000000, 36.360900
100.000000, 37.088100
100.000000, 37.822500
100.000000, 38.564100
100.000000, 39.312900
100.000000, 40.068900
100.000000, 40.832100
100.000000, 41.602500
100.000000, 42.380100
100.000000, 43.164900
100.000000, 43.956900
100.000000, 44.756100
100.000000, 45.562500
100.000000, 46.376100
100.000000, 47.196900
100.000000, 48.024900
100.000000, 48.860100
100.000000, 49.702500
100.000000, 50.552100
100.000000, 51.408900
100.000000, 52.272900
100.000000, 53.144100
100.000000, 54.022500
100.000000, 54.908100
100.000000, 55.800900
100.000000, 56.700900
99.999999, 57.608100
99.999999, 58.522500
99.999999, 59.444100
99.999999, 60.372900
99.999999, 61.308900
99.999999, 62.252100
99.999999, 63.202500
99.999998, 64.160100
99.999998, 65.124900
99.999998, 66.096900
99.999998, 67.076100
99.999997, 68.062500
99.999997, 69.056100
99.999996, 70.056900
99.999996, 71.064900
99.999995, 72.080100
99.999995, 73.102500
99.999994, 74.132100
99.999993, 75.168900
99.999992, 76.212900
99.999991, 77.264100
99.999990, 78.322500
99.999988, 79.388100
99.999987, 80.460900
99.999985, 81.540900
99.999983, 82.628100
99.999981, 83.722500
99.999978, 84.824100
99.999976, 85.932900
99.999973, 87.048900
99.999969, 88.172100
99.999965, 89.302500
99.999961, 90.440100
99.999956, 91.584900
99.999951, 92.736900
99.999945, 93.896100
99.999939, 95.062500
99.999931, 96.236100
99.999923, 97.416900
99.999915, 98.604900
99.999905, 99.800100
99.999894, 101.002500
99.999882, 102.212100
99.999868, 103.428900
99.999853, 104.652900
99.999837, 105.884100
99.999819, 107.122500
99.999799, 108.368100
99.999778, 109.620900
99.999754, 110.880900
99.999727, 112.148100
99.999698, 113.422500
99.999666, 114.704100
99.999631, 115.992900
99.999593, 117.288900
99.999551, 118.592100
99.999505, 119.902500
99.999454, 121.220100
99.999399, 122.544900
99.999339, 123.876900
99.999273, 125.216100
99.999201, 126.562500
99.999123, 127.916100
99.999037, 129.276900
99.998944, 130.644900
99.998842, 132.020100
99.998732, 133.402500
99.998612, 134.792100
99.998481, 136.188900
99.998339, 137.592900
99.998185, 139.004100
99.998017, 140.422500
99.997836, 141.848100
99.997639, 143.280900
99.997426, 144.720900
99.997195, 146.168100
99.996945, 147.622500
99.996675, 149.084100
99.996383, 150.552900
99.996067, 152.028900
99.995726, 153.512100
99.995359, 155.002500
99.994962, 156.500100
99.994534, 158.004900
99.994073, 159.516900
99.993576, 161.036100
99.993042, 162.562500
99.992467, 164.096100
99.991848, 165.636900
99.991184, 167.184900
99.990469, 168.740100
99.989702, 170.302500
99.988879, 171.872100
99.987996, 173.448900
99.987050, 175.032900
99.986035, 176.624100
99.984948, 178.222500
99.983784, 179.828100
99.982538, 181.440900
99.981206, 183.060900
99.979781, 184.688100
99.978259, 186.322500
99.976632, 187.964100
99.974895, 189.612900
99.973042, 191.268900
99.971064, 192.932100
99.968956, 194.602500
99.966708, 196.280100
99.964314, 197.964900
99.961764, 199.656900
99.959049, 201.356100
99.956161, 203.062500
99.953089, 204.776100
99.949824, 206.496900
99.946354, 208.224900
99.942667, 209.960100
99.938753, 211.702500
99.934599, 213.452100
99.930192, 215.208900
99.925519, 216.972900
99.920565, 218.744100
99.915315, 220.522500
99.909755, 222.308100
99.903868, 224.100900
99.897638, 225.900900
99.891047, 227.708100
99.884077, 229.522500
99.876709, 231.344100
99.868923, 233.172900
99.860699, 235.008900
99.852016, 236.852100
99.842851, 238.702500
99.833181, 240.560100
99.822983, 242.424900
99.812231, 244.296900
99.800900, 246.176100
99.788963, 248.062500
99.776392, 249.956100
99.763158, 251.856900
99.749233, 253.764900
99.734584, 255.680100
99.719179, 257.602500
99.702987, 259.532100
99.685972, 261.468900
99.668099, 263.412900
99.649331, 265.364100
99.629632, 267.322500
99.608961, 269.288100
99.587278, 271.260900
99.564542, 273.240900
99.540711, 275.228100
99.515739, 277.222500
99.489582, 279.224100
99.462192, 281.232900
99.433521, 283.248900
99.403520, 285.272100
99.372137, 287.302500
99.339320, 289.340100
99.305015, 291.384900
99.269166, 293.436900
99.231717, 295.496100
99.192608, 297.562500
99.151781, 299.636100
99.109173, 301.716900
99.064721, 303.804900
99.018361, 305.900100
98.970026, 308.002500
98.919649, 310.112100
98.867161, 312.228900
98.812490, 314.352900
98.755565, 316.484100
98.696310, 318.622500
98.634651, 320.768100
98.570510, 322.920900
98.503808, 325.080900
98.434466, 327.248100
98.362400, 329.422500
98.287529, 331.604100
98.209766, 333.792900
98.129025, 335.988900
98.045219, 338.192100
97.958257, 340.402500
97.868049, 342.620100
97.774502, 344.844900
97.677523, 347.076900
97.577016, 349.316100
97.472885, 351.562500
97.365031, 353.816100
97.253356, 356.076900
97.137759, 358.344900
97.018139, 0.620100
96.894392, 2.902500
96.766415, 5.192100
96.634102, 7.488900
96.497349, 9.792900
96.356046, 12.104100
96.210088, 14.422500
96.059365, 16.748100
95.903767, 19.080900
95.743184, 21.420900
95.577506, 23.768100
95.406620, 26.122500
95.230415, 28.484100
95.048779, 30.852900
94.861598, 33.228900
94.668760, 35.612100
94.470152, 38.002500
94.265660, 40.400100
94.055171, 42.804900
93.838572, 45.216900
93.615750, 47.636100
93.386592, 50.062500
93.150987, 52.496100
92.908822, 54.936900
92.659987, 57.384900
92.404370, 59.840100
92.141864, 62.302500
91.872358, 64.772100
91.595746, 67.248900
91.311922, 69.732900
91.020780, 72.224100
90.722218, 74.722500
90.416133, 77.228100
90.102425, 79.740900
89.780995, 82.260900
89.451749, 84.788100
89.114591, 87.322500
88.769429, 89.864100
88.416174, 92.412900
88.054739, 94.968900
87.685039, 97.532100
87.306993, 100.102500
86.920522, 102.680100
86.525551, 105.264900
86.122006, 107.856900
85.709821, 110.456100
85.288928, 113.062500
84.859266, 115.676100
84.420777, 118.296900
83.973407, 120.924900
83.517106, 123.560100
83.051829, 126.202500
82.577533, 128.852100
82.094182, 131.508900
81.601745, 134.172900
81.100192, 136.844100
80.589503, 139.522500
80.069659, 142.208100
79.540649, 144.900900
79.002464, 147.600900
78.455105, 150.308100
77.898574, 153.022500
77.332881, 155.744100
76.758043, 158.472900
76.174080, 161.208900
75.581021, 163.952100
74.978898, 166.702500
74.367751, 169.460100
73.747628, 172.224900
73.118580, 174.996900
72.480667, 177.776100
71.833955, 180.562500
71.178517, 183.356100
70.514431, 186.156900
69.841784, 188.964900
69.160669, 191.780100
68.471187, 194.602500
67.773445, 197.432100
67.067557, 200.268900
66.353645, 203.112900
65.631837, 205.964100
64.902269, 208.822500
64.165086, 211.688100
63.420436, 214.560900
62.668479, 217.440900
61.909378, 220.328100
61.143307, 223.222500
60.370445, 226.124100
59.590980, 229.032900
58.805104, 231.948900
58.013021, 234.872100
57.214939, 237.802500
56.411072, 240.740100
55.601646, 243.684900
54.786888, 246.636900
53.967037, 249.596100
53.142336, 252.562500
52.313036, 255.536100
51.479394, 258.516900
50.641675, 261.504900
49.800148, 264.500100
48.955092, 267.502500
48.106789, 270.512100
47.255529, 273.528900
46.401608, 276.552900
45.545327, 279.584100
44.686992, 282.622500
43.826918, 285.668100
42.965422, 288.720900
42.102828, 291.780900
41.239464, 294.848100
40.375664, 297.922500
39.511765, 301.004100
38.648112, 304.092900
37.785049, 307.188900
36.922930, 310.292100
36.062108, 313.402500
35.202941, 316.520100
34.345793, 319.644900
33.491027, 322.776900
32.639012, 325.916100
31.790119, 329.062500
30.944720, 332.216100
30.103191, 335.376900
29.265909, 338.544900
28.433252, 341.720100
27.605601, 344.902500
26.783336, 348.092100
25.966841, 351.288900
25.156496, 354.492900
24.352686, 357.704100
23.555791, 0.922500
22.766196, 4.148100
21.984280, 7.380900
21.210426, 10.620900
20.445011, 13.868100
19.688415, 17.122500
18.941013, 20.384100
18.203178, 23.652900
17.475283, 26.928900
16.757696, 30.212100
16.050782, 33.502500
15.354904, 36.800100
14.670420, 40.104900
13.997685, 43.416900
13.337050, 46.736100
12.688859, 50.062500
12.053454, 53.396100
11.431172, 56.736900
10.822342, 60.084900
10.227288, 63.440100
9.646331, 66.802500
9.079782, 70.172100
8.527948, 73.548900
7.991127, 76.932900
7.469613, 80.324100
6.963688, 83.722500
6.473632, 87.128100
5.999714, 90.540900
5.542194, 93.960900
5.101327, 97.388100
4.677356, 100.822500
4.270518, 104.264100
3.881041, 107.712900
3.509140, 111.168900
3.155026, 114.632100
2.818898, 118.102500
2.500944, 121.580100
2.201344, 125.064900
1.920267, 128.556900
1.657873, 132.056100
1.414311, 135.562500
1.189719, 139.076100
0.984225, 142.596900
0.797946, 146.124900
0.630988, 149.660100
0.483446, 153.202500
0.355405, 156.752100
0.246939, 160.308900
0.158109, 163.872900
0.088966, 167.444100
0.039550, 171.022500
0.009889, 174.608100
0.000000, 178.200900
##END=
